Id  Name    RA  Dec Fov Count
1001	NGC 1252	3	-60	120	36
1002	M67	9	10	20	211
1003	NGC 3532	11	-60	45	288
1004	Melotte 111	12	25	180	92
1005	M11	19	-5	15	416
1006	NGC 7790	24	60	20	218
2001	JL 163	0	-50	20	7
2002	MCT 0401-4017	4	-40	20	7
2003	LB 1735	5	-55	20	8
2004	MCT 0436-4616	5	-45	20	3
2005	MCT 0550-4911	6	-50	20	6
2006	LSS 982	8	-40	20	8
2007	WD 0830-535	9	-55	20	12
2008	WD 1056-384	11	-40	20	5
2009	WD 1153-484	12	-50	20	9
2010	LSE 44	14	-50	20	7
2011	LSE 259	17	-55	20	9
2012	MCT 2019-4339	20	-45	20	7
2013	JL 82	22	-75	20	5
2014	JL 117	23	-70	20	5
3001	T Phe	1	-45	15	11
3002	SA92	1	0	70	41
3003	SA92 SF1	1	0	10	4
3004	SA92 SF2	1	0	10	4
3005	SA92 SF3	1	0	10	3
3006	F 11	1	5	10	3
3007	SA93	2	0	60	4
3008	PG0220+132	2	15	10	3
3009	PG0231+051	3	5	15	6
3010	F 24	3	5	15	4
3011	SA94	3	0	70	7
3012	SA94 SF1	3	0	10	2
3013	SA95	4	0	70	44
3014	SA95 SF1	4	0	10	2
3015	SA95 SF2	4	0	10	2
3016	SA95 SF3	4	0	10	8
3017	SA95 SF4	4	0	10	3
3018	SA95 SF5	4	0	10	2
3019	SA95 SF6	4	0	10	2
3020	SA96	5	0	70	6
3021	GD 71	6	15	15	6
3022	SA97	6	0	60	6
3023	SA97 SF1	6	0	10	2
3024	SA98	7	0	30	46
3025	SA98 SF1	7	0	10	27
3026	SA98 SF2	7	0	10	22
3027	Ru149	7	0	15	8
3028	Ru152	7	0	15	7
3029	SA99	8	0	60	5
3030	SA99 SF1	8	0	10	2
3031	SA100	9	0	60	6
3032	SA100 SF1	9	0	10	4
3033	SA100 SF2	9	0	10	2
3034	PG0918+029	9	5	15	5
3035	PG0942-029	10	-5	15	5
3036	SA101	10	0	60	35
3037	SA101 SF1	10	0	10	2
3038	SA101 SF2	10	0	10	6
3039	GD 108	10	-10	10	5
3040	PG1047+033	11	0	15	4
3041	SA102	11	0	60	2
3042	G163 50/51	11	-5	15	7
3043	SA103	12	0	60	3
3044	SA103 SF1	12	0	10	2
3045	SA104	13	0	70	34
3046	SA104 SF1	13	0	10	6
3047	PG1323-086	13	-10	15	5
3048	SA105	14	0	70	3
3049	PG1407-013	14	0	15	6
3050	SA106	15	0	70	4
3051	PG1525-071	15	-5	15	5
3052	SA107	16	0	70	30
3053	SA107 SF1	16	0	10	5
3054	SA107 SF2	16	0	10	5
3055	SA107 SF3	16	0	10	3
3056	PG1633+099	17	10	15	8
3057	SA108	17	0	60	9
3058	PG1657+078	17	10	15	6
3059	SA109	18	0	60	8
3060	SA109 SF1	18	0	10	2
3061	SA110	19	0	60	39
3062	SA110 SF1	19	0	10	5
3063	SA110 SF2	19	0	10	8
3064	SA110 SF3	19	0	10	8
3065	SA110 SF4	19	0	10	3
3066	SA110 SF5	19	0	10	2
3067	SA111	20	0	60	8
3068	SA111 SF1	20	0	10	2
3069	SA111 SF2	20	0	10	3
3070	SA111 SF3	20	0	10	3
3071	SA112	21	0	60	7
3072	SA112 SF1	21	0	10	3
3073	SA112 SF2	21	0	10	2
3074	Mark A	21	-10	15	5
3075	G26 7	22	-10	15	4
3076	SA113	22	0	60	42
3077	SA113 SF1	22	0	10	8
3078	SA113 SF2	22	0	10	2
3079	SA113 SF3	22	0	10	4
3080	SA113 SF4	22	0	10	5
3081	G93 48	22	0	15	5
3082	PG2213-006	22	0	15	7
3083	SA114	23	0	60	10
3084	SA114 SF1	23	0	10	4
3085	GD 246	23	10	15	4
3086	PG2336+004	24	0	15	3
3087	SA115	24	0	60	7
4001	GD 2	0	35	15	6
4002	GD 8	1	30	15	4
4003	SA20	1	45	40	23
4004	SA20 SF1	1	45	15	4
4005	SA20 SF2	1	45	15	5
4006	SA20 SF3	1	45	15	4
4007	SA20 SF4	1	45	15	5
4008	SA20 SF5	1	45	15	9
4009	GD 10	1	40	15	4
4010	GD 275	1	50	15	2
4011	GD 277	1	50	15	3
4012	GD 13	1	40	15	2
4013	GD 278	2	55	15	3
4014	GD 421	2	70	15	5
4015	GD 279	2	45	15	10
4016	SA23	4	45	30	16
4017	SA23 SF1	4	45	15	5
4018	SA23 SF2	4	45	15	5
4019	SA23 SF3	4	45	15	5
4020	SA23 SF4	4	45	15	3
4021	GD 61	5	40	15	4
4022	GD 64	5	40	15	7
4023	SA26	7	45	30	16
4024	SA26 SF1	7	45	15	6
4025	SA26 SF2	7	45	15	2
4026	SA26 SF3	7	45	15	5
4027	SA26 SF4	7	45	15	3
4028	GD 91	9	45	15	3
4029	PG0837+401	9	40	15	4
4030	KUV 345-30	9	40	15	2
4031	PG0846+558	9	55	15	3
4032	GD 98	9	40	15	3
4033	GD 299	10	55	10	1
4034	SA29	10	45	60	15
4035	SA29 SF1	10	45	15	2
4036	SA29 SF2	10	45	15	1
4037	SA29 SF3	10	45	15	2
4038	SA29 SF4	10	45	15	1
4039	SA29 SF5	10	45	15	5
4040	SA29 SF6	10	45	15	5
4041	PG0943+521	10	50	15	2
4042	GD 300	10	50	15	3
4043	KUV 348-07	10	40	15	3
4044	KUV 348-13	10	40	15	3
4045	KUV 348-14	10	40	15	4
4046	GD 111	10	45	15	3
4047	GD 310	11	40	15	4
4048	PG1126+469	11	45	15	3
4050	KUV 352-09	12	40	10	1
4051	GD 314	12	60	15	6
4052	PG1210+533	12	55	15	3
4053	SA32	13	45	60	22
4054	SA32 SF1	13	45	15	5
4055	SA32 SF2	13	45	15	3
4056	SA32 SF3	13	45	15	3
4057	SA32 SF4	13	45	15	12
4058	SA32 SF5	13	45	15	2
4059	PG1314+442	13	45	15	2
4060	GD 325	14	50	15	4
4061	PG1343+578	14	60	15	2
4062	GD 336	15	35	15	4
4063	PG1430+427	15	45	15	4
4065	SA35	16	45	40	18
4066	SA35 SF1	16	45	15	3
4067	SA35 SF2	16	45	15	2
4068	SA35 SF3	16	45	15	4
4069	SA35 SF4	16	45	15	10
4070	SA35 SF5	16	45	15	2
4071	SA35 SF6	16	45	15	3
4073	KUV 433-03	17	35	15	2
4074	GD 358	17	30	15	3
4075	PG1648+536	17	55	15	5
4076	GD 363	18	40	15	5
4077	GD 378	18	40	15	4
4078	SA38	19	45	20	16
4079	SA38 SF1	19	45	15	2
4080	SA38 SF2	19	45	15	3
4081	SA38 SF3	19	45	15	4
4082	SA38 SF4	19	45	15	7
4083	GD 391	20	40	15	9
4084	SA41	22	45	30	13
4085	SA41 SF1	22	45	15	8
4086	SA41 SF2	22	45	15	5
4087	GD 405	23	45	15	2